(kicad_pcb (version 4) (host pcbnew 4.0.7)

  (general
    (links 265)
    (no_connects 35)
    (area 75.409 62.607 202.028001 183.430001)
    (thickness 1.6)
    (drawings 0)
    (tracks 443)
    (zones 0)
    (modules 66)
    (nets 89)
  )

  (page A4)
  (layers
    (0 F.Cu signal)
    (1 GROUND_PLANE power hide)
    (2 power_sig mixed hide)
    (31 B.Cu signal hide)
    (32 B.Adhes user)
    (33 F.Adhes user)
    (34 B.Paste user)
    (35 F.Paste user)
    (36 B.SilkS user)
    (37 F.SilkS user)
    (38 B.Mask user)
    (39 F.Mask user)
    (40 Dwgs.User user)
    (41 Cmts.User user)
    (42 Eco1.User user)
    (43 Eco2.User user)
    (44 Edge.Cuts user)
    (45 Margin user)
    (46 B.CrtYd user)
    (47 F.CrtYd user)
    (48 B.Fab user)
    (49 F.Fab user)
  )

  (setup
    (last_trace_width 0.25)
    (user_trace_width 1)
    (trace_clearance 0.2)
    (zone_clearance 0.508)
    (zone_45_only no)
    (trace_min 0.2)
    (segment_width 0.2)
    (edge_width 0.15)
    (via_size 0.6)
    (via_drill 0.4)
    (via_min_size 0.4)
    (via_min_drill 0.3)
    (uvia_size 0.3)
    (uvia_drill 0.1)
    (uvias_allowed no)
    (uvia_min_size 0.2)
    (uvia_min_drill 0.1)
    (pcb_text_width 0.3)
    (pcb_text_size 1.5 1.5)
    (mod_edge_width 0.15)
    (mod_text_size 1 1)
    (mod_text_width 0.15)
    (pad_size 8 8)
    (pad_drill 0)
    (pad_to_mask_clearance 0.2)
    (aux_axis_origin 0 0)
    (grid_origin 94.332 94.103)
    (visible_elements 7FFFFFFF)
    (pcbplotparams
      (layerselection 0x00030_80000001)
      (usegerberextensions false)
      (excludeedgelayer true)
      (linewidth 0.100000)
      (plotframeref false)
      (viasonmask false)
      (mode 1)
      (useauxorigin false)
      (hpglpennumber 1)
      (hpglpenspeed 20)
      (hpglpendiameter 15)
      (hpglpenoverlay 2)
      (psnegative false)
      (psa4output false)
      (plotreference true)
      (plotvalue true)
      (plotinvisibletext false)
      (padsonsilk false)
      (subtractmaskfromsilk false)
      (outputformat 1)
      (mirror false)
      (drillshape 1)
      (scaleselection 1)
      (outputdirectory ""))
  )

  (net 0 "")
  (net 1 "Net-(AN1-Pad1)")
  (net 2 GND)
  (net 3 /Batt_and_LEDs/BATT_V)
  (net 4 /Batt_and_LEDs/BATT_GND)
  (net 5 "Net-(C1-Pad1)")
  (net 6 "Net-(C2-Pad1)")
  (net 7 /main_vin)
  (net 8 /3v8)
  (net 9 /sim_clk)
  (net 10 /sim_io)
  (net 11 /sim_rst)
  (net 12 /vsim)
  (net 13 /1v8)
  (net 14 "Net-(D1-Pad1)")
  (net 15 /txd)
  (net 16 /rxd)
  (net 17 /pwr_on)
  (net 18 /v_int)
  (net 19 /gpio1)
  (net 20 /gpio6)
  (net 21 /gpio5)
  (net 22 /5v)
  (net 23 "Net-(J1-Pad2)")
  (net 24 "Net-(J1-Pad3)")
  (net 25 "Net-(J2-Pad1)")
  (net 26 "Net-(J2-Pad3)")
  (net 27 "Net-(J2-Pad4)")
  (net 28 /h_v_int)
  (net 29 /h_dsr)
  (net 30 /h_ri)
  (net 31 /h_dcd)
  (net 32 /h_dtr)
  (net 33 /h_rts)
  (net 34 /h_cts)
  (net 35 "Net-(J2-Pad12)")
  (net 36 /h_txd)
  (net 37 /h_rxd)
  (net 38 /h_pwr_on)
  (net 39 /h_gpio1)
  (net 40 /h_reset_n)
  (net 41 /h_gpio6)
  (net 42 /high_v)
  (net 43 /reset_n)
  (net 44 "Net-(J15-Pad6)")
  (net 45 "Net-(J16-Pad1)")
  (net 46 "Net-(J16-Pad2)")
  (net 47 "Net-(L1-Pad2)")
  (net 48 "Net-(R4-Pad2)")
  (net 49 "Net-(R6-Pad2)")
  (net 50 "Net-(R8-Pad1)")
  (net 51 /cts)
  (net 52 /rts)
  (net 53 /dtr)
  (net 54 /dcd)
  (net 55 /ri)
  (net 56 /dsr)
  (net 57 "Net-(U2-Pad3)")
  (net 58 "Net-(U2-Pad4)")
  (net 59 "Net-(U2-Pad5)")
  (net 60 "Net-(U2-Pad16)")
  (net 61 "Net-(U2-Pad17)")
  (net 62 "Net-(U2-Pad18)")
  (net 63 "Net-(U4-Pad2)")
  (net 64 "Net-(U4-Pad17)")
  (net 65 "Net-(U4-Pad23)")
  (net 66 "Net-(U4-Pad24)")
  (net 67 "Net-(U4-Pad25)")
  (net 68 "Net-(U4-Pad26)")
  (net 69 "Net-(U4-Pad27)")
  (net 70 "Net-(U4-Pad28)")
  (net 71 "Net-(U4-Pad29)")
  (net 72 "Net-(U4-Pad31)")
  (net 73 "Net-(U4-Pad33)")
  (net 74 "Net-(U4-Pad34)")
  (net 75 "Net-(U4-Pad35)")
  (net 76 "Net-(U4-Pad36)")
  (net 77 "Net-(U4-Pad37)")
  (net 78 "Net-(U4-Pad44)")
  (net 79 "Net-(U4-Pad45)")
  (net 80 "Net-(U4-Pad46)")
  (net 81 "Net-(U4-Pad47)")
  (net 82 "Net-(U4-Pad48)")
  (net 83 "Net-(U4-Pad49)")
  (net 84 "Net-(U4-Pad62)")
  (net 85 "Net-(U5-Pad6)")
  (net 86 "Net-(U6-Pad2)")
  (net 87 "Net-(U6-Pad4)")
  (net 88 "Net-(U6-Pad5)")

  (net_class Default "This is the default net class."
    (clearance 0.2)
    (trace_width 0.25)
    (via_dia 0.6)
    (via_drill 0.4)
    (uvia_dia 0.3)
    (uvia_drill 0.1)
    (add_net /1v8)
    (add_net /3v8)
    (add_net /5v)
    (add_net /Batt_and_LEDs/BATT_GND)
    (add_net /Batt_and_LEDs/BATT_V)
    (add_net /cts)
    (add_net /dcd)
    (add_net /dsr)
    (add_net /dtr)
    (add_net /gpio1)
    (add_net /gpio5)
    (add_net /gpio6)
    (add_net /h_cts)
    (add_net /h_dcd)
    (add_net /h_dsr)
    (add_net /h_dtr)
    (add_net /h_gpio1)
    (add_net /h_gpio6)
    (add_net /h_pwr_on)
    (add_net /h_reset_n)
    (add_net /h_ri)
    (add_net /h_rts)
    (add_net /h_rxd)
    (add_net /h_txd)
    (add_net /h_v_int)
    (add_net /high_v)
    (add_net /main_vin)
    (add_net /pwr_on)
    (add_net /reset_n)
    (add_net /ri)
    (add_net /rts)
    (add_net /rxd)
    (add_net /sim_clk)
    (add_net /sim_io)
    (add_net /sim_rst)
    (add_net /txd)
    (add_net /v_int)
    (add_net /vsim)
    (add_net GND)
    (add_net "Net-(AN1-Pad1)")
    (add_net "Net-(C1-Pad1)")
    (add_net "Net-(C2-Pad1)")
    (add_net "Net-(D1-Pad1)")
    (add_net "Net-(J1-Pad2)")
    (add_net "Net-(J1-Pad3)")
    (add_net "Net-(J15-Pad6)")
    (add_net "Net-(J16-Pad1)")
    (add_net "Net-(J16-Pad2)")
    (add_net "Net-(J2-Pad1)")
    (add_net "Net-(J2-Pad12)")
    (add_net "Net-(J2-Pad3)")
    (add_net "Net-(J2-Pad4)")
    (add_net "Net-(L1-Pad2)")
    (add_net "Net-(R4-Pad2)")
    (add_net "Net-(R6-Pad2)")
    (add_net "Net-(R8-Pad1)")
    (add_net "Net-(U2-Pad16)")
    (add_net "Net-(U2-Pad17)")
    (add_net "Net-(U2-Pad18)")
    (add_net "Net-(U2-Pad3)")
    (add_net "Net-(U2-Pad4)")
    (add_net "Net-(U2-Pad5)")
    (add_net "Net-(U4-Pad17)")
    (add_net "Net-(U4-Pad2)")
    (add_net "Net-(U4-Pad23)")
    (add_net "Net-(U4-Pad24)")
    (add_net "Net-(U4-Pad25)")
    (add_net "Net-(U4-Pad26)")
    (add_net "Net-(U4-Pad27)")
    (add_net "Net-(U4-Pad28)")
    (add_net "Net-(U4-Pad29)")
    (add_net "Net-(U4-Pad31)")
    (add_net "Net-(U4-Pad33)")
    (add_net "Net-(U4-Pad34)")
    (add_net "Net-(U4-Pad35)")
    (add_net "Net-(U4-Pad36)")
    (add_net "Net-(U4-Pad37)")
    (add_net "Net-(U4-Pad44)")
    (add_net "Net-(U4-Pad45)")
    (add_net "Net-(U4-Pad46)")
    (add_net "Net-(U4-Pad47)")
    (add_net "Net-(U4-Pad48)")
    (add_net "Net-(U4-Pad49)")
    (add_net "Net-(U4-Pad62)")
    (add_net "Net-(U5-Pad6)")
    (add_net "Net-(U6-Pad2)")
    (add_net "Net-(U6-Pad4)")
    (add_net "Net-(U6-Pad5)")
  )

  (module Pin_Headers:Pin_Header_Straight_1x02_Pitch2.54mm (layer F.Cu) (tedit 59650532) (tstamp 5B20FC95)
    (at 139.417 76.196 270)
    (descr "Through hole straight pin header, 1x02, 2.54mm pitch, single row")
    (tags "Through hole pin header THT 1x02 2.54mm single row")
    (path /5B1E4666)
    (fp_text reference J12 (at 0 -2.33 270) (layer F.SilkS)
      (effects (font (size 1 1) (thickness 0.15)))
    )
    (fp_text value Batt_conn (at 0 4.87 270) (layer F.Fab)
      (effects (font (size 1 1) (thickness 0.15)))
    )
    (fp_line (start -0.635 -1.27) (end 1.27 -1.27) (layer F.Fab) (width 0.1))
    (fp_line (start 1.27 -1.27) (end 1.27 3.81) (layer F.Fab) (width 0.1))
    (fp_line (start 1.27 3.81) (end -1.27 3.81) (layer F.Fab) (width 0.1))
    (fp_line (start -1.27 3.81) (end -1.27 -0.635) (layer F.Fab) (width 0.1))
    (fp_line (start -1.27 -0.635) (end -0.635 -1.27) (layer F.Fab) (width 0.1))
    (fp_line (start -1.33 3.87) (end 1.33 3.87) (layer F.SilkS) (width 0.12))
    (fp_line (start -1.33 1.27) (end -1.33 3.87) (layer F.SilkS) (width 0.12))
    (fp_line (start 1.33 1.27) (end 1.33 3.87) (layer F.SilkS) (width 0.12))
    (fp_line (start -1.33 1.27) (end 1.33 1.27) (layer F.SilkS) (width 0.12))
    (fp_line (start -1.33 0) (end -1.33 -1.33) (layer F.SilkS) (width 0.12))
    (fp_line (start -1.33 -1.33) (end 0 -1.33) (layer F.SilkS) (width 0.12))
    (fp_line (start -1.8 -1.8) (end -1.8 4.35) (layer F.CrtYd) (width 0.05))
    (fp_line (start -1.8 4.35) (end 1.8 4.35) (layer F.CrtYd) (width 0.05))
    (fp_line (start 1.8 4.35) (end 1.8 -1.8) (layer F.CrtYd) (width 0.05))
    (fp_line (start 1.8 -1.8) (end -1.8 -1.8) (layer F.CrtYd) (width 0.05))
    (fp_text user %R (at 0 1.27 360) (layer F.Fab)
      (effects (font (size 1 1) (thickness 0.15)))
    )
    (pad 1 thru_hole rect (at 0 0 270) (size 1.7 1.7) (drill 1) (layers *.Cu *.Mask)
      (net 22 /5v))
    (pad 2 thru_hole oval (at 0 2.54 270) (size 1.7 1.7) (drill 1) (layers *.Cu *.Mask)
      (net 2 GND))
    (model ${KISYS3DMOD}/Pin_Headers.3dshapes/Pin_Header_Straight_1x02_Pitch2.54mm.wrl
      (at (xyz 0 0 0))
      (scale (xyz 1 1 1))
      (rotate (xyz 0 0 0))
    )
  )

  (module Resistors_SMD:R_1206_HandSoldering (layer B.Cu) (tedit 58E0A804) (tstamp 5B20FCF2)
    (at 128.749 88.007 180)
    (descr "Resistor SMD 1206, hand soldering")
    (tags "resistor 1206")
    (path /5B1C6877)
    (attr smd)
    (fp_text reference R6 (at 0 1.85 180) (layer B.SilkS)
      (effects (font (size 1 1) (thickness 0.15)) (justify mirror))
    )
    (fp_text value 200k (at 0 -1.9 180) (layer B.Fab)
      (effects (font (size 1 1) (thickness 0.15)) (justify mirror))
    )
    (fp_text user %R (at 0 0 180) (layer B.Fab)
      (effects (font (size 0.7 0.7) (thickness 0.105)) (justify mirror))
    )
    (fp_line (start -1.6 -0.8) (end -1.6 0.8) (layer B.Fab) (width 0.1))
    (fp_line (start 1.6 -0.8) (end -1.6 -0.8) (layer B.Fab) (width 0.1))
    (fp_line (start 1.6 0.8) (end 1.6 -0.8) (layer B.Fab) (width 0.1))
    (fp_line (start -1.6 0.8) (end 1.6 0.8) (layer B.Fab) (width 0.1))
    (fp_line (start 1 -1.07) (end -1 -1.07) (layer B.SilkS) (width 0.12))
    (fp_line (start -1 1.07) (end 1 1.07) (layer B.SilkS) (width 0.12))
    (fp_line (start -3.25 1.11) (end 3.25 1.11) (layer B.CrtYd) (width 0.05))
    (fp_line (start -3.25 1.11) (end -3.25 -1.1) (layer B.CrtYd) (width 0.05))
    (fp_line (start 3.25 -1.1) (end 3.25 1.11) (layer B.CrtYd) (width 0.05))
    (fp_line (start 3.25 -1.1) (end -3.25 -1.1) (layer B.CrtYd) (width 0.05))
    (pad 1 smd rect (at -2 0 180) (size 2 1.7) (layers B.Cu B.Paste B.Mask)
      (net 13 /1v8))
    (pad 2 smd rect (at 2 0 180) (size 2 1.7) (layers B.Cu B.Paste B.Mask)
      (net 49 "Net-(R6-Pad2)"))
    (model ${KISYS3DMOD}/Resistors_SMD.3dshapes/R_1206.wrl
      (at (xyz 0 0 0))
      (scale (xyz 1 1 1))
      (rotate (xyz 0 0 0))
    )
  )

  (module SMA:SMA_TH_Amphenol (layer F.Cu) (tedit 5B204BDC) (tstamp 5B20FB4D)
    (at 189.582 99.183)
    (path /5B2123F6)
    (fp_text reference AN1 (at 0.1 7.4) (layer F.SilkS)
      (effects (font (size 1 1) (thickness 0.15)))
    )
    (fp_text value SMA_Amphenon (at 0 -6.9) (layer F.Fab)
      (effects (font (size 1 1) (thickness 0.15)))
    )
    (fp_line (start 11 2.5) (end 10.8 2.7) (layer F.SilkS) (width 0.15))
    (fp_line (start 10.8 2.7) (end 10.6 2.5) (layer F.SilkS) (width 0.15))
    (fp_line (start 10.6 2.5) (end 10.4 2.7) (layer F.SilkS) (width 0.15))
    (fp_line (start 10.4 2.7) (end 10.2 2.5) (layer F.SilkS) (width 0.15))
    (fp_line (start 10.2 2.5) (end 10 2.7) (layer F.SilkS) (width 0.15))
    (fp_line (start 10 2.7) (end 9.8 2.5) (layer F.SilkS) (width 0.15))
    (fp_line (start 9.8 2.5) (end 9.6 2.7) (layer F.SilkS) (width 0.15))
    (fp_line (start 9.6 2.7) (end 9.4 2.5) (layer F.SilkS) (width 0.15))
    (fp_line (start 9.4 2.5) (end 9.2 2.7) (layer F.SilkS) (width 0.15))
    (fp_line (start 9.2 2.7) (end 9 2.5) (layer F.SilkS) (width 0.15))
    (fp_line (start 9 2.5) (end 8.8 2.7) (layer F.SilkS) (width 0.15))
    (fp_line (start 8.8 2.7) (end 8.6 2.5) (layer F.SilkS) (width 0.15))
    (fp_line (start 8.6 2.5) (end 8.4 2.7) (layer F.SilkS) (width 0.15))
    (fp_line (start 8.4 2.7) (end 8.2 2.5) (layer F.SilkS) (width 0.15))
    (fp_line (start 8.2 2.5) (end 8 2.7) (layer F.SilkS) (width 0.15))
    (fp_line (start 8 2.7) (end 7.8 2.5) (layer F.SilkS) (width 0.15))
    (fp_line (start 7.8 2.5) (end 4.5 2.5) (layer F.SilkS) (width 0.15))
    (fp_line (start 11 2.5) (end 11.6 2.5) (layer F.SilkS) (width 0.15))
    (fp_line (start 10.6 -2.5) (end 10.4 -2.7) (layer F.SilkS) (width 0.15))
    (fp_line (start 10.4 -2.7) (end 10.2 -2.5) (layer F.SilkS) (width 0.15))
    (fp_line (start 10.2 -2.5) (end 10 -2.7) (layer F.SilkS) (width 0.15))
    (fp_line (start 10 -2.7) (end 9.8 -2.5) (layer F.SilkS) (width 0.15))
    (fp_line (start 9.8 -2.5) (end 9.6 -2.7) (layer F.SilkS) (width 0.15))
    (fp_line (start 9.6 -2.7) (end 9.4 -2.5) (layer F.SilkS) (width 0.15))
    (fp_line (start 9.4 -2.5) (end 9.2 -2.7) (layer F.SilkS) (width 0.15))
    (fp_line (start 9.2 -2.7) (end 9 -2.5) (layer F.SilkS) (width 0.15))
    (fp_line (start 9 -2.5) (end 8.8 -2.7) (layer F.SilkS) (width 0.15))
    (fp_line (start 8.8 -2.7) (end 8.6 -2.5) (layer F.SilkS) (width 0.15))
    (fp_line (start 8.6 -2.5) (end 8.4 -2.7) (layer F.SilkS) (width 0.15))
    (fp_line (start 8.4 -2.7) (end 8.2 -2.5) (layer F.SilkS) (width 0.15))
    (fp_line (start 8.2 -2.5) (end 8 -2.7) (layer F.SilkS) (width 0.15))
    (fp_line (start 8 -2.7) (end 7.8 -2.5) (layer F.SilkS) (width 0.15))
    (fp_line (start 7.8 -2.5) (end 4.5 -2.5) (layer F.SilkS) (width 0.15))
    (fp_line (start 11.6 -2.5) (end 11 -2.5) (layer F.SilkS) (width 0.15))
    (fp_line (start 11 -2.5) (end 10.8 -2.7) (layer F.SilkS) (width 0.15))
    (fp_line (start 10.8 -2.7) (end 10.6 -2.5) (layer F.SilkS) (width 0.15))
    (fp_line (start 11.6 -2.5) (end 11.6 2.5) (layer F.SilkS) (width 0.15))
    (fp_line (start 3.5 -3) (end 4.5 -3) (layer F.SilkS) (width 0.15))
    (fp_line (start 4.5 -3) (end 4.5 3) (layer F.SilkS) (width 0.15))
    (fp_line (start 4.5 3) (end 3.5 3) (layer F.SilkS) (width 0.15))
    (fp_line (start 0 -3.5) (end 3.5 -3.5) (layer F.SilkS) (width 0.15))
    (fp_line (start 3.5 -3.5) (end 3.5 3.5) (layer F.SilkS) (width 0.15))
    (fp_line (start 3.5 3.5) (end -3.5 3.5) (layer F.SilkS) (width 0.15))
    (fp_line (start -3.5 3.5) (end -3.5 -3.5) (layer F.SilkS) (width 0.15))
    (fp_line (start -3.5 -3.5) (end 0 -3.5) (layer F.SilkS) (width 0.15))
    (pad 1 thru_hole circle (at 0 0) (size 2.4 2.4) (drill 1.6) (layers *.Cu *.Mask)
      (net 1 "Net-(AN1-Pad1)"))
    (pad 2 thru_hole circle (at 2.54 -2.54) (size 2.4 2.4) (drill 1.7) (layers *.Cu *.Mask)
      (net 2 GND))
    (pad 2 thru_hole circle (at -2.54 -2.54) (size 2.4 2.4) (drill 1.7) (layers *.Cu *.Mask)
      (net 2 GND))
    (pad 2 thru_hole circle (at 2.54 2.54) (size 2.4 2.4) (drill 1.7) (layers *.Cu *.Mask)
      (net 2 GND))
    (pad 2 thru_hole circle (at -2.54 2.54) (size 2.4 2.4) (drill 1.7) (layers *.Cu *.Mask)
      (net 2 GND))
  )

  (module Battery_Holders:Keystone_3008_1x2450-CoinCell (layer B.Cu) (tedit 58972352) (tstamp 5B20FB54)
    (at 99.06 131.572)
    (descr http://www.keyelco.com/product-pdf.cfm?p=786)
    (tags "Keystone type 3008 coin cell retainer")
    (path /5B20D219/5B219DAB)
    (attr smd)
    (fp_text reference BT1 (at 0 14.4) (layer B.SilkS)
      (effects (font (size 1 1) (thickness 0.15)) (justify mirror))
    )
    (fp_text value Battery_Cell (at 0 -14) (layer B.Fab)
      (effects (font (size 1 1) (thickness 0.15)) (justify mirror))
    )
    (fp_arc (start 0 0) (end 0 -12.8) (angle 41.7) (layer B.CrtYd) (width 0.05))
    (fp_arc (start 0 -21) (end 9.15 -10.05) (angle 3.2) (layer B.CrtYd) (width 0.05))
    (fp_arc (start 0 0) (end 0 -12.8) (angle -41.7) (layer B.CrtYd) (width 0.05))
    (fp_arc (start 0 -21) (end -9.15 -10.05) (angle -3.2) (layer B.CrtYd) (width 0.05))
    (fp_arc (start 10.15 -9) (end 10.15 -10.45) (angle -45) (layer B.CrtYd) (width 0.05))
    (fp_arc (start -10.15 -9) (end -10.15 -10.45) (angle 45) (layer B.CrtYd) (width 0.05))
    (fp_arc (start 10.15 -7.25) (end 10.15 -10.45) (angle 90) (layer B.CrtYd) (width 0.05))
    (fp_arc (start -10.15 -7.25) (end -10.15 -10.45) (angle -90) (layer B.CrtYd) (width 0.05))
    (fp_arc (start 0 -21) (end -9.55 -9.73) (angle -80) (layer B.SilkS) (width 0.12))
    (fp_arc (start 10.15 -9) (end 10.15 -9.95) (angle -45) (layer B.SilkS) (width 0.12))
    (fp_arc (start -10.15 -9) (end -10.15 -9.95) (angle 45) (layer B.SilkS) (width 0.12))
    (fp_arc (start 10.15 -9) (end 10.15 -9.8) (angle -45) (layer B.Fab) (width 0.1))
    (fp_arc (start -10.15 -9) (end -10.15 -9.8) (angle 45) (layer B.Fab) (width 0.1))
    (fp_arc (start 0 -21) (end -9.6 -9.58) (angle -80) (layer B.Fab) (width 0.1))
    (fp_arc (start -10.15 -7.25) (end -10.15 -9.95) (angle -90) (layer B.SilkS) (width 0.12))
    (fp_arc (start 10.15 -7.25) (end 10.15 -9.95) (angle 90) (layer B.SilkS) (width 0.12))
    (fp_line (start 12.85 -3.1) (end 12.85 -7.3) (layer B.SilkS) (width 0.12))
    (fp_line (start -12.85 -3.1) (end -12.85 -7.3) (layer B.SilkS) (width 0.12))
    (fp_line (start 13.35 -3.25) (end 13.35 -7.3) (layer B.CrtYd) (width 0.05))
    (fp_arc (start 10.15 -7.25) (end 10.15 -9.8) (angle 90) (layer B.Fab) (width 0.1))
    (fp_arc (start -10.15 -7.25) (end -10.15 -9.8) (angle -90) (layer B.Fab) (width 0.1))
    (fp_circle (center 0 0) (end 12.25 0) (layer Dwgs.User) (width 0.15))
    (fp_line (start 4.45 13.55) (end 4.45 12.55) (layer B.CrtYd) (width 0.05))
    (fp_line (start -4.45 13.55) (end 4.45 13.55) (layer B.CrtYd) (width 0.05))
    (fp_line (start -4.45 13.55) (end -4.45 12.55) (layer B.CrtYd) (width 0.05))
    (fp_line (start 4.45 12.55) (end 13.35 6.7) (layer B.CrtYd) (width 0.05))
    (fp_line (start 13.35 6.7) (end 13.35 3.25) (layer B.CrtYd) (width 0.05))
    (fp_line (start 18.8 -3.25) (end 13.35 -3.25) (layer B.CrtYd) (width 0.05))
    (fp_line (start 18.8 3.25) (end 18.8 -3.25) (layer B.CrtYd) (width 0.05))
    (fp_line (start 13.35 3.25) (end 18.8 3.25) (layer B.CrtYd) (width 0.05))
    (fp_line (start -4.45 12.55) (end -13.35 6.7) (layer B.CrtYd) (width 0.05))
    (fp_line (start -18.8 3.25) (end -18.8 -3.25) (layer B.CrtYd) (width 0.05))
    (fp_line (start -18.8 -3.25) (end -13.35 -3.25) (layer B.CrtYd) (width 0.05))
    (fp_line (start -13.35 -3.25) (end -13.35 -7.3) (layer B.CrtYd) (width 0.05))
    (fp_line (start -13.35 3.25) (end -18.8 3.25) (layer B.CrtYd) (width 0.05))
    (fp_line (start -13.35 6.7) (end -13.35 3.25) (layer B.CrtYd) (width 0.05))
    (fp_line (start 12.85 6.4) (end 12.85 3.1) (layer B.SilkS) (width 0.12))
    (fp_line (start 3.95 12.25) (end 12.85 6.4) (layer B.SilkS) (width 0.12))
    (fp_line (start 3.95 13.05) (end 3.95 12.25) (layer B.SilkS) (width 0.12))
    (fp_line (start -3.95 13.05) (end 3.95 13.05) (layer B.SilkS) (width 0.12))
    (fp_line (start -3.95 13.05) (end -3.95 12.25) (layer B.SilkS) (width 0.12))
    (fp_line (start -3.95 12.25) (end -12.85 6.4) (layer B.SilkS) (width 0.12))
    (fp_line (start -12.85 6.4) (end -12.85 3.1) (layer B.SilkS) (width 0.12))
    (fp_line (start 3.8 12.2) (end 12.7 6.35) (layer B.Fab) (width 0.1))
    (fp_line (start 12.7 6.35) (end 12.7 -7.3) (layer B.Fab) (width 0.1))
    (fp_line (start -3.8 12.2) (end -12.7 6.35) (layer B.Fab) (width 0.1))
    (fp_line (start -12.7 6.35) (end -12.7 -7.3) (layer B.Fab) (width 0.1))
    (fp_line (start -3.8 12.9) (end -3.8 12.2) (layer B.Fab) (width 0.1))
    (fp_line (start 3.8 12.9) (end 3.8 12.2) (layer B.Fab) (width 0.1))
    (fp_line (start -3.8 12.9) (end 3.8 12.9) (layer B.Fab) (width 0.1))
    (pad 1 smd rect (at -15.3 0) (size 6 5.5) (layers B.Cu B.Paste B.Mask)
      (net 3 /Batt_and_LEDs/BATT_V))
    (pad 1 smd rect (at 15.3 0) (size 6 5.5) (layers B.Cu B.Paste B.Mask)
      (net 3 /Batt_and_LEDs/BATT_V))
    (pad 2 smd rect (at 0 0) (size 8 8) (layers B.Cu B.Mask)
      (net 4 /Batt_and_LEDs/BATT_GND))
    (model Battery_Holders.3dshapes/Keystone_3008_1x2450-CoinCell.wrl
      (at (xyz 0 0 0))
      (scale (xyz 1 1 1))
      (rotate (xyz 0 0 0))
    )
  )

  (module Capacitors_SMD:C_1206_HandSoldering (layer F.Cu) (tedit 58AA84D1) (tstamp 5B20FB5A)
    (at 101.092 89.154)
    (descr "Capacitor SMD 1206, hand soldering")
    (tags "capacitor 1206")
    (path /5B1FE1AD)
    (attr smd)
    (fp_text reference C1 (at 0 -1.75) (layer F.SilkS)
      (effects (font (size 1 1) (thickness 0.15)))
    )
    (fp_text value 60pF (at 0 2) (layer F.Fab)
      (effects (font (size 1 1) (thickness 0.15)))
    )
    (fp_text user %R (at 0 -1.75) (layer F.Fab)
      (effects (font (size 1 1) (thickness 0.15)))
    )
    (fp_line (start -1.6 0.8) (end -1.6 -0.8) (layer F.Fab) (width 0.1))
    (fp_line (start 1.6 0.8) (end -1.6 0.8) (layer F.Fab) (width 0.1))
    (fp_line (start 1.6 -0.8) (end 1.6 0.8) (layer F.Fab) (width 0.1))
    (fp_line (start -1.6 -0.8) (end 1.6 -0.8) (layer F.Fab) (width 0.1))
    (fp_line (start 1 -1.02) (end -1 -1.02) (layer F.SilkS) (width 0.12))
    (fp_line (start -1 1.02) (end 1 1.02) (layer F.SilkS) (width 0.12))
    (fp_line (start -3.25 -1.05) (end 3.25 -1.05) (layer F.CrtYd) (width 0.05))
    (fp_line (start -3.25 -1.05) (end -3.25 1.05) (layer F.CrtYd) (width 0.05))
    (fp_line (start 3.25 1.05) (end 3.25 -1.05) (layer F.CrtYd) (width 0.05))
    (fp_line (start 3.25 1.05) (end -3.25 1.05) (layer F.CrtYd) (width 0.05))
    (pad 1 smd rect (at -2 0) (size 2 1.6) (layers F.Cu F.Paste F.Mask)
      (net 5 "Net-(C1-Pad1)"))
    (pad 2 smd rect (at 2 0) (size 2 1.6) (layers F.Cu F.Paste F.Mask)
      (net 2 GND))
    (model Capacitors_SMD.3dshapes/C_1206.wrl
      (at (xyz 0 0 0))
      (scale (xyz 1 1 1))
      (rotate (xyz 0 0 0))
    )
  )

  (module Capacitors_SMD:C_1206_HandSoldering (layer F.Cu) (tedit 58AA84D1) (tstamp 5B20FB60)
    (at 101.19 101.596)
    (descr "Capacitor SMD 1206, hand soldering")
    (tags "capacitor 1206")
    (path /5B1FE788)
    (attr smd)
    (fp_text reference C2 (at 0 -1.75) (layer F.SilkS)
      (effects (font (size 1 1) (thickness 0.15)))
    )
    (fp_text value 60pF (at 0 2) (layer F.Fab)
      (effects (font (size 1 1) (thickness 0.15)))
    )
    (fp_text user %R (at 0 -1.75) (layer F.Fab)
      (effects (font (size 1 1) (thickness 0.15)))
    )
    (fp_line (start -1.6 0.8) (end -1.6 -0.8) (layer F.Fab) (width 0.1))
    (fp_line (start 1.6 0.8) (end -1.6 0.8) (layer F.Fab) (width 0.1))
    (fp_line (start 1.6 -0.8) (end 1.6 0.8) (layer F.Fab) (width 0.1))
    (fp_line (start -1.6 -0.8) (end 1.6 -0.8) (layer F.Fab) (width 0.1))
    (fp_line (start 1 -1.02) (end -1 -1.02) (layer F.SilkS) (width 0.12))
    (fp_line (start -1 1.02) (end 1 1.02) (layer F.SilkS) (width 0.12))
    (fp_line (start -3.25 -1.05) (end 3.25 -1.05) (layer F.CrtYd) (width 0.05))
    (fp_line (start -3.25 -1.05) (end -3.25 1.05) (layer F.CrtYd) (width 0.05))
    (fp_line (start 3.25 1.05) (end 3.25 -1.05) (layer F.CrtYd) (width 0.05))
    (fp_line (start 3.25 1.05) (end -3.25 1.05) (layer F.CrtYd) (width 0.05))
    (pad 1 smd rect (at -2 0) (size 2 1.6) (layers F.Cu F.Paste F.Mask)
      (net 6 "Net-(C2-Pad1)"))
    (pad 2 smd rect (at 2 0) (size 2 1.6) (layers F.Cu F.Paste F.Mask)
      (net 2 GND))
    (model Capacitors_SMD.3dshapes/C_1206.wrl
      (at (xyz 0 0 0))
      (scale (xyz 1 1 1))
      (rotate (xyz 0 0 0))
    )
  )

  (module Capacitors_SMD:C_1206_HandSoldering (layer B.Cu) (tedit 58AA84D1) (tstamp 5B20FB66)
    (at 143.354 84.324 270)
    (descr "Capacitor SMD 1206, hand soldering")
    (tags "capacitor 1206")
    (path /5B1C8FC5)
    (attr smd)
    (fp_text reference C3 (at 0 1.75 270) (layer B.SilkS)
      (effects (font (size 1 1) (thickness 0.15)) (justify mirror))
    )
    (fp_text value 1uF (at 0 -2 270) (layer B.Fab)
      (effects (font (size 1 1) (thickness 0.15)) (justify mirror))
    )
    (fp_text user %R (at 0 1.75 270) (layer B.Fab)
      (effects (font (size 1 1) (thickness 0.15)) (justify mirror))
    )
    (fp_line (start -1.6 -0.8) (end -1.6 0.8) (layer B.Fab) (width 0.1))
    (fp_line (start 1.6 -0.8) (end -1.6 -0.8) (layer B.Fab) (width 0.1))
    (fp_line (start 1.6 0.8) (end 1.6 -0.8) (layer B.Fab) (width 0.1))
    (fp_line (start -1.6 0.8) (end 1.6 0.8) (layer B.Fab) (width 0.1))
    (fp_line (start 1 1.02) (end -1 1.02) (layer B.SilkS) (width 0.12))
    (fp_line (start -1 -1.02) (end 1 -1.02) (layer B.SilkS) (width 0.12))
    (fp_line (start -3.25 1.05) (end 3.25 1.05) (layer B.CrtYd) (width 0.05))
    (fp_line (start -3.25 1.05) (end -3.25 -1.05) (layer B.CrtYd) (width 0.05))
    (fp_line (start 3.25 -1.05) (end 3.25 1.05) (layer B.CrtYd) (width 0.05))
    (fp_line (start 3.25 -1.05) (end -3.25 -1.05) (layer B.CrtYd) (width 0.05))
    (pad 1 smd rect (at -2 0 270) (size 2 1.6) (layers B.Cu B.Paste B.Mask)
      (net 7 /main_vin))
    (pad 2 smd rect (at 2 0 270) (size 2 1.6) (layers B.Cu B.Paste B.Mask)
      (net 2 GND))
    (model Capacitors_SMD.3dshapes/C_1206.wrl
      (at (xyz 0 0 0))
      (scale (xyz 1 1 1))
      (rotate (xyz 0 0 0))
    )
  )

  (module Capacitors_SMD:C_1206_HandSoldering (layer B.Cu) (tedit 58AA84D1) (tstamp 5B20FB6C)
    (at 163.928 84.197 270)
    (descr "Capacitor SMD 1206, hand soldering")
    (tags "capacitor 1206")
    (path /5B1C974B)
    (attr smd)
    (fp_text reference C4 (at 0 1.75 270) (layer B.SilkS)
      (effects (font (size 1 1) (thickness 0.15)) (justify mirror))
    )
    (fp_text value 22uF (at 0 -2 270) (layer B.Fab)
      (effects (font (size 1 1) (thickness 0.15)) (justify mirror))
    )
    (fp_text user %R (at 0 1.75 270) (layer B.Fab)
      (effects (font (size 1 1) (thickness 0.15)) (justify mirror))
    )
    (fp_line (start -1.6 -0.8) (end -1.6 0.8) (layer B.Fab) (width 0.1))
    (fp_line (start 1.6 -0.8) (end -1.6 -0.8) (layer B.Fab) (width 0.1))
    (fp_line (start 1.6 0.8) (end 1.6 -0.8) (layer B.Fab) (width 0.1))
    (fp_line (start -1.6 0.8) (end 1.6 0.8) (layer B.Fab) (width 0.1))
    (fp_line (start 1 1.02) (end -1 1.02) (layer B.SilkS) (width 0.12))
    (fp_line (start -1 -1.02) (end 1 -1.02) (layer B.SilkS) (width 0.12))
    (fp_line (start -3.25 1.05) (end 3.25 1.05) (layer B.CrtYd) (width 0.05))
    (fp_line (start -3.25 1.05) (end -3.25 -1.05) (layer B.CrtYd) (width 0.05))
    (fp_line (start 3.25 -1.05) (end 3.25 1.05) (layer B.CrtYd) (width 0.05))
    (fp_line (start 3.25 -1.05) (end -3.25 -1.05) (layer B.CrtYd) (width 0.05))
    (pad 1 smd rect (at -2 0 270) (size 2 1.6) (layers B.Cu B.Paste B.Mask)
      (net 8 /3v8))
    (pad 2 smd rect (at 2 0 270) (size 2 1.6) (layers B.Cu B.Paste B.Mask)
      (net 2 GND))
    (model Capacitors_SMD.3dshapes/C_1206.wrl
      (at (xyz 0 0 0))
      (scale (xyz 1 1 1))
      (rotate (xyz 0 0 0))
    )
  )

  (module Capacitors_SMD:C_1206_HandSoldering (layer B.Cu) (tedit 58AA84D1) (tstamp 5B20FB72)
    (at 121.764 80.133)
    (descr "Capacitor SMD 1206, hand soldering")
    (tags "capacitor 1206")
    (path /5B1C64AE)
    (attr smd)
    (fp_text reference C5 (at 0 1.75) (layer B.SilkS)
      (effects (font (size 1 1) (thickness 0.15)) (justify mirror))
    )
    (fp_text value 4.7uF (at 0 -2) (layer B.Fab)
      (effects (font (size 1 1) (thickness 0.15)) (justify mirror))
    )
    (fp_text user %R (at 0 1.75) (layer B.Fab)
      (effects (font (size 1 1) (thickness 0.15)) (justify mirror))
    )
    (fp_line (start -1.6 -0.8) (end -1.6 0.8) (layer B.Fab) (width 0.1))
    (fp_line (start 1.6 -0.8) (end -1.6 -0.8) (layer B.Fab) (width 0.1))
    (fp_line (start 1.6 0.8) (end 1.6 -0.8) (layer B.Fab) (width 0.1))
    (fp_line (start -1.6 0.8) (end 1.6 0.8) (layer B.Fab) (width 0.1))
    (fp_line (start 1 1.02) (end -1 1.02) (layer B.SilkS) (width 0.12))
    (fp_line (start -1 -1.02) (end 1 -1.02) (layer B.SilkS) (width 0.12))
    (fp_line (start -3.25 1.05) (end 3.25 1.05) (layer B.CrtYd) (width 0.05))
    (fp_line (start -3.25 1.05) (end -3.25 -1.05) (layer B.CrtYd) (width 0.05))
    (fp_line (start 3.25 -1.05) (end 3.25 1.05) (layer B.CrtYd) (width 0.05))
    (fp_line (start 3.25 -1.05) (end -3.25 -1.05) (layer B.CrtYd) (width 0.05))
    (pad 1 smd rect (at -2 0) (size 2 1.6) (layers B.Cu B.Paste B.Mask)
      (net 8 /3v8))
    (pad 2 smd rect (at 2 0) (size 2 1.6) (layers B.Cu B.Paste B.Mask)
      (net 2 GND))
    (model Capacitors_SMD.3dshapes/C_1206.wrl
      (at (xyz 0 0 0))
      (scale (xyz 1 1 1))
      (rotate (xyz 0 0 0))
    )
  )

  (module Capacitors_SMD:C_1206_HandSoldering (layer F.Cu) (tedit 58AA84D1) (tstamp 5B20FB78)
    (at 121.031 99.314 180)
    (descr "Capacitor SMD 1206, hand soldering")
    (tags "capacitor 1206")
    (path /5B1D0D1A)
    (attr smd)
    (fp_text reference C6 (at 0 -1.75 180) (layer F.SilkS)
      (effects (font (size 1 1) (thickness 0.15)))
    )
    (fp_text value 47pF (at 0 2 180) (layer F.Fab)
      (effects (font (size 1 1) (thickness 0.15)))
    )
    (fp_text user %R (at 0 -1.75 180) (layer F.Fab)
      (effects (font (size 1 1) (thickness 0.15)))
    )
    (fp_line (start -1.6 0.8) (end -1.6 -0.8) (layer F.Fab) (width 0.1))
    (fp_line (start 1.6 0.8) (end -1.6 0.8) (layer F.Fab) (width 0.1))
    (fp_line (start 1.6 -0.8) (end 1.6 0.8) (layer F.Fab) (width 0.1))
    (fp_line (start -1.6 -0.8) (end 1.6 -0.8) (layer F.Fab) (width 0.1))
    (fp_line (start 1 -1.02) (end -1 -1.02) (layer F.SilkS) (width 0.12))
    (fp_line (start -1 1.02) (end 1 1.02) (layer F.SilkS) (width 0.12))
    (fp_line (start -3.25 -1.05) (end 3.25 -1.05) (layer F.CrtYd) (width 0.05))
    (fp_line (start -3.25 -1.05) (end -3.25 1.05) (layer F.CrtYd) (width 0.05))
    (fp_line (start 3.25 1.05) (end 3.25 -1.05) (layer F.CrtYd) (width 0.05))
    (fp_line (start 3.25 1.05) (end -3.25 1.05) (layer F.CrtYd) (width 0.05))
    (pad 1 smd rect (at -2 0 180) (size 2 1.6) (layers F.Cu F.Paste F.Mask)
      (net 9 /sim_clk))
    (pad 2 smd rect (at 2 0 180) (size 2 1.6) (layers F.Cu F.Paste F.Mask)
      (net 2 GND))
    (model Capacitors_SMD.3dshapes/C_1206.wrl
      (at (xyz 0 0 0))
      (scale (xyz 1 1 1))
      (rotate (xyz 0 0 0))
    )
  )

  (module Capacitors_SMD:C_1206_HandSoldering (layer F.Cu) (tedit 58AA84D1) (tstamp 5B20FB7E)
    (at 121.031 95.758 180)
    (descr "Capacitor SMD 1206, hand soldering")
    (tags "capacitor 1206")
    (path /5B1D0DC2)
    (attr smd)
    (fp_text reference C7 (at 0 -1.75 180) (layer F.SilkS)
      (effects (font (size 1 1) (thickness 0.15)))
    )
    (fp_text value 47pF (at 0 2 180) (layer F.Fab)
      (effects (font (size 1 1) (thickness 0.15)))
    )
    (fp_text user %R (at 0 -1.75 180) (layer F.Fab)
      (effects (font (size 1 1) (thickness 0.15)))
    )
    (fp_line (start -1.6 0.8) (end -1.6 -0.8) (layer F.Fab) (width 0.1))
    (fp_line (start 1.6 0.8) (end -1.6 0.8) (layer F.Fab) (width 0.1))
    (fp_line (start 1.6 -0.8) (end 1.6 0.8) (layer F.Fab) (width 0.1))
    (fp_line (start -1.6 -0.8) (end 1.6 -0.8) (layer F.Fab) (width 0.1))
    (fp_line (start 1 -1.02) (end -1 -1.02) (layer F.SilkS) (width 0.12))
    (fp_line (start -1 1.02) (end 1 1.02) (layer F.SilkS) (width 0.12))
    (fp_line (start -3.25 -1.05) (end 3.25 -1.05) (layer F.CrtYd) (width 0.05))
    (fp_line (start -3.25 -1.05) (end -3.25 1.05) (layer F.CrtYd) (width 0.05))
    (fp_line (start 3.25 1.05) (end 3.25 -1.05) (layer F.CrtYd) (width 0.05))
    (fp_line (start 3.25 1.05) (end -3.25 1.05) (layer F.CrtYd) (width 0.05))
    (pad 1 smd rect (at -2 0 180) (size 2 1.6) (layers F.Cu F.Paste F.Mask)
      (net 10 /sim_io))
    (pad 2 smd rect (at 2 0 180) (size 2 1.6) (layers F.Cu F.Paste F.Mask)
      (net 2 GND))
    (model Capacitors_SMD.3dshapes/C_1206.wrl
      (at (xyz 0 0 0))
      (scale (xyz 1 1 1))
      (rotate (xyz 0 0 0))
    )
  )

  (module Capacitors_SMD:C_1206_HandSoldering (layer F.Cu) (tedit 58AA84D1) (tstamp 5B20FB84)
    (at 144.272 179.832 90)
    (descr "Capacitor SMD 1206, hand soldering")
    (tags "capacitor 1206")
    (path /5B1D7D57)
    (attr smd)
    (fp_text reference C8 (at 0 -1.75 90) (layer F.SilkS)
      (effects (font (size 1 1) (thickness 0.15)))
    )
    (fp_text value 10nF (at 0 2 90) (layer F.Fab)
      (effects (font (size 1 1) (thickness 0.15)))
    )
    (fp_text user %R (at 0 -1.75 90) (layer F.Fab)
      (effects (font (size 1 1) (thickness 0.15)))
    )
    (fp_line (start -1.6 0.8) (end -1.6 -0.8) (layer F.Fab) (width 0.1))
    (fp_line (start 1.6 0.8) (end -1.6 0.8) (layer F.Fab) (width 0.1))
    (fp_line (start 1.6 -0.8) (end 1.6 0.8) (layer F.Fab) (width 0.1))
    (fp_line (start -1.6 -0.8) (end 1.6 -0.8) (layer F.Fab) (width 0.1))
    (fp_line (start 1 -1.02) (end -1 -1.02) (layer F.SilkS) (width 0.12))
    (fp_line (start -1 1.02) (end 1 1.02) (layer F.SilkS) (width 0.12))
    (fp_line (start -3.25 -1.05) (end 3.25 -1.05) (layer F.CrtYd) (width 0.05))
    (fp_line (start -3.25 -1.05) (end -3.25 1.05) (layer F.CrtYd) (width 0.05))
    (fp_line (start 3.25 1.05) (end 3.25 -1.05) (layer F.CrtYd) (width 0.05))
    (fp_line (start 3.25 1.05) (end -3.25 1.05) (layer F.CrtYd) (width 0.05))
    (pad 1 smd rect (at -2 0 90) (size 2 1.6) (layers F.Cu F.Paste F.Mask)
      (net 8 /3v8))
    (pad 2 smd rect (at 2 0 90) (size 2 1.6) (layers F.Cu F.Paste F.Mask)
      (net 2 GND))
    (model Capacitors_SMD.3dshapes/C_1206.wrl
      (at (xyz 0 0 0))
      (scale (xyz 1 1 1))
      (rotate (xyz 0 0 0))
    )
  )

  (module Capacitors_SMD:C_1206_HandSoldering (layer F.Cu) (tedit 58AA84D1) (tstamp 5B20FB8A)
    (at 152.625 112.391 270)
    (descr "Capacitor SMD 1206, hand soldering")
    (tags "capacitor 1206")
    (path /5B1CA0DF)
    (attr smd)
    (fp_text reference C9 (at 0 -1.75 270) (layer F.SilkS)
      (effects (font (size 1 1) (thickness 0.15)))
    )
    (fp_text value 100nF (at 0 2 270) (layer F.Fab)
      (effects (font (size 1 1) (thickness 0.15)))
    )
    (fp_text user %R (at 0 -1.75 270) (layer F.Fab)
      (effects (font (size 1 1) (thickness 0.15)))
    )
    (fp_line (start -1.6 0.8) (end -1.6 -0.8) (layer F.Fab) (width 0.1))
    (fp_line (start 1.6 0.8) (end -1.6 0.8) (layer F.Fab) (width 0.1))
    (fp_line (start 1.6 -0.8) (end 1.6 0.8) (layer F.Fab) (width 0.1))
    (fp_line (start -1.6 -0.8) (end 1.6 -0.8) (layer F.Fab) (width 0.1))
    (fp_line (start 1 -1.02) (end -1 -1.02) (layer F.SilkS) (width 0.12))
    (fp_line (start -1 1.02) (end 1 1.02) (layer F.SilkS) (width 0.12))
    (fp_line (start -3.25 -1.05) (end 3.25 -1.05) (layer F.CrtYd) (width 0.05))
    (fp_line (start -3.25 -1.05) (end -3.25 1.05) (layer F.CrtYd) (width 0.05))
    (fp_line (start 3.25 1.05) (end 3.25 -1.05) (layer F.CrtYd) (width 0.05))
    (fp_line (start 3.25 1.05) (end -3.25 1.05) (layer F.CrtYd) (width 0.05))
    (pad 1 smd rect (at -2 0 270) (size 2 1.6) (layers F.Cu F.Paste F.Mask)
      (net 8 /3v8))
    (pad 2 smd rect (at 2 0 270) (size 2 1.6) (layers F.Cu F.Paste F.Mask)
      (net 2 GND))
    (model Capacitors_SMD.3dshapes/C_1206.wrl
      (at (xyz 0 0 0))
      (scale (xyz 1 1 1))
      (rotate (xyz 0 0 0))
    )
  )

  (module Capacitors_SMD:C_1206_HandSoldering (layer F.Cu) (tedit 58AA84D1) (tstamp 5B20FB90)
    (at 121.031 102.743 180)
    (descr "Capacitor SMD 1206, hand soldering")
    (tags "capacitor 1206")
    (path /5B1D0E2C)
    (attr smd)
    (fp_text reference C10 (at 0 -1.75 180) (layer F.SilkS)
      (effects (font (size 1 1) (thickness 0.15)))
    )
    (fp_text value 47pF (at 0 2 180) (layer F.Fab)
      (effects (font (size 1 1) (thickness 0.15)))
    )
    (fp_text user %R (at 0 -1.75 180) (layer F.Fab)
      (effects (font (size 1 1) (thickness 0.15)))
    )
    (fp_line (start -1.6 0.8) (end -1.6 -0.8) (layer F.Fab) (width 0.1))
    (fp_line (start 1.6 0.8) (end -1.6 0.8) (layer F.Fab) (width 0.1))
    (fp_line (start 1.6 -0.8) (end 1.6 0.8) (layer F.Fab) (width 0.1))
    (fp_line (start -1.6 -0.8) (end 1.6 -0.8) (layer F.Fab) (width 0.1))
    (fp_line (start 1 -1.02) (end -1 -1.02) (layer F.SilkS) (width 0.12))
    (fp_line (start -1 1.02) (end 1 1.02) (layer F.SilkS) (width 0.12))
    (fp_line (start -3.25 -1.05) (end 3.25 -1.05) (layer F.CrtYd) (width 0.05))
    (fp_line (start -3.25 -1.05) (end -3.25 1.05) (layer F.CrtYd) (width 0.05))
    (fp_line (start 3.25 1.05) (end 3.25 -1.05) (layer F.CrtYd) (width 0.05))
    (fp_line (start 3.25 1.05) (end -3.25 1.05) (layer F.CrtYd) (width 0.05))
    (pad 1 smd rect (at -2 0 180) (size 2 1.6) (layers F.Cu F.Paste F.Mask)
      (net 11 /sim_rst))
    (pad 2 smd rect (at 2 0 180) (size 2 1.6) (layers F.Cu F.Paste F.Mask)
      (net 2 GND))
    (model Capacitors_SMD.3dshapes/C_1206.wrl
      (at (xyz 0 0 0))
      (scale (xyz 1 1 1))
      (rotate (xyz 0 0 0))
    )
  )

  (module Capacitors_SMD:C_1206_HandSoldering (layer F.Cu) (tedit 58AA84D1) (tstamp 5B20FB96)
    (at 156.972 179.832 90)
    (descr "Capacitor SMD 1206, hand soldering")
    (tags "capacitor 1206")
    (path /5B1D7E35)
    (attr smd)
    (fp_text reference C11 (at 0 -1.75 90) (layer F.SilkS)
      (effects (font (size 1 1) (thickness 0.15)))
    )
    (fp_text value 10nF (at 0 2 90) (layer F.Fab)
      (effects (font (size 1 1) (thickness 0.15)))
    )
    (fp_text user %R (at 0 -1.75 90) (layer F.Fab)
      (effects (font (size 1 1) (thickness 0.15)))
    )
    (fp_line (start -1.6 0.8) (end -1.6 -0.8) (layer F.Fab) (width 0.1))
    (fp_line (start 1.6 0.8) (end -1.6 0.8) (layer F.Fab) (width 0.1))
    (fp_line (start 1.6 -0.8) (end 1.6 0.8) (layer F.Fab) (width 0.1))
    (fp_line (start -1.6 -0.8) (end 1.6 -0.8) (layer F.Fab) (width 0.1))
    (fp_line (start 1 -1.02) (end -1 -1.02) (layer F.SilkS) (width 0.12))
    (fp_line (start -1 1.02) (end 1 1.02) (layer F.SilkS) (width 0.12))
    (fp_line (start -3.25 -1.05) (end 3.25 -1.05) (layer F.CrtYd) (width 0.05))
    (fp_line (start -3.25 -1.05) (end -3.25 1.05) (layer F.CrtYd) (width 0.05))
    (fp_line (start 3.25 1.05) (end 3.25 -1.05) (layer F.CrtYd) (width 0.05))
    (fp_line (start 3.25 1.05) (end -3.25 1.05) (layer F.CrtYd) (width 0.05))
    (pad 1 smd rect (at -2 0 90) (size 2 1.6) (layers F.Cu F.Paste F.Mask)
      (net 8 /3v8))
    (pad 2 smd rect (at 2 0 90) (size 2 1.6) (layers F.Cu F.Paste F.Mask)
      (net 2 GND))
    (model Capacitors_SMD.3dshapes/C_1206.wrl
      (at (xyz 0 0 0))
      (scale (xyz 1 1 1))
      (rotate (xyz 0 0 0))
    )
  )

  (module Capacitors_SMD:C_1206_HandSoldering (layer F.Cu) (tedit 58AA84D1) (tstamp 5B20FB9C)
    (at 156.689 112.391 270)
    (descr "Capacitor SMD 1206, hand soldering")
    (tags "capacitor 1206")
    (path /5B1CA168)
    (attr smd)
    (fp_text reference C12 (at 0 -1.75 270) (layer F.SilkS)
      (effects (font (size 1 1) (thickness 0.15)))
    )
    (fp_text value 10nF (at 0 2 270) (layer F.Fab)
      (effects (font (size 1 1) (thickness 0.15)))
    )
    (fp_text user %R (at 0 -1.75 270) (layer F.Fab)
      (effects (font (size 1 1) (thickness 0.15)))
    )
    (fp_line (start -1.6 0.8) (end -1.6 -0.8) (layer F.Fab) (width 0.1))
    (fp_line (start 1.6 0.8) (end -1.6 0.8) (layer F.Fab) (width 0.1))
    (fp_line (start 1.6 -0.8) (end 1.6 0.8) (layer F.Fab) (width 0.1))
    (fp_line (start -1.6 -0.8) (end 1.6 -0.8) (layer F.Fab) (width 0.1))
    (fp_line (start 1 -1.02) (end -1 -1.02) (layer F.SilkS) (width 0.12))
    (fp_line (start -1 1.02) (end 1 1.02) (layer F.SilkS) (width 0.12))
    (fp_line (start -3.25 -1.05) (end 3.25 -1.05) (layer F.CrtYd) (width 0.05))
    (fp_line (start -3.25 -1.05) (end -3.25 1.05) (layer F.CrtYd) (width 0.05))
    (fp_line (start 3.25 1.05) (end 3.25 -1.05) (layer F.CrtYd) (width 0.05))
    (fp_line (start 3.25 1.05) (end -3.25 1.05) (layer F.CrtYd) (width 0.05))
    (pad 1 smd rect (at -2 0 270) (size 2 1.6) (layers F.Cu F.Paste F.Mask)
      (net 8 /3v8))
    (pad 2 smd rect (at 2 0 270) (size 2 1.6) (layers F.Cu F.Paste F.Mask)
      (net 2 GND))
    (model Capacitors_SMD.3dshapes/C_1206.wrl
      (at (xyz 0 0 0))
      (scale (xyz 1 1 1))
      (rotate (xyz 0 0 0))
    )
  )

  (module Capacitors_SMD:C_1206_HandSoldering (layer F.Cu) (tedit 58AA84D1) (tstamp 5B20FBA2)
    (at 121.031 106.299 180)
    (descr "Capacitor SMD 1206, hand soldering")
    (tags "capacitor 1206")
