(module sim7100_6 (layer F.Cu) (tedit 5B1FE395)
  (fp_text reference REF** (at 8.7 16) (layer F.SilkS)
    (effects (font (size 1 1) (thickness 0.15)))
  )
  (fp_text value sim7100_8 (at 7.9 -4.6) (layer F.Fab)
    (effects (font (size 1 1) (thickness 0.15)))
  )
  (pad 1 smd rect (at 11.095 -2.39) (size 0.9 1.35) (layers F.Cu F.Paste F.Mask))
  (pad 2 smd rect (at 9.825 -2.39) (size 0.9 1.35) (layers F.Cu F.Paste F.Mask))
  (pad 3 smd rect (at 8.555 -2.39) (size 0.9 1.35) (layers F.Cu F.Paste F.Mask))
  (pad 4 smd rect (at 7.285 -2.39) (size 0.9 1.35) (layers F.Cu F.Paste F.Mask))
  (pad 5 smd rect (at 6.015 -2.39) (size 0.9 1.35) (layers F.Cu F.Paste F.Mask))
  (pad 6 smd rect (at 4.745 -2.39) (size 0.9 1.35) (layers F.Cu F.Paste F.Mask))
  (pad 7 smd rect (at 3.475 -2.39) (size 0.9 1.35) (layers F.Cu F.Paste F.Mask))
  (pad 8 smd rect (at 2.205 -2.39) (size 0.9 1.35) (layers F.Cu F.Paste F.Mask))
  (pad "" smd rect (at 0 12.63) (size 1.56 2.61) (layers F.Cu F.Paste F.Mask))
  (pad "" smd rect (at 16.68 12.63) (size 1.56 2.61) (layers F.Cu F.Paste F.Mask))
  (pad "" smd rect (at 16.68 0) (size 1.56 2.61) (layers F.Cu F.Paste F.Mask))
  (pad "" smd rect (at 0 0) (size 1.56 2.61) (layers F.Cu F.Paste F.Mask))
  (pad "" smd rect (at 0 0) (size 1.56 2.61) (layers F.Cu F.Paste F.Mask))
  (pad "" smd rect (at 16.68 0) (size 1.56 2.61) (layers F.Cu F.Paste F.Mask))
  (pad "" smd rect (at 16.68 12.63) (size 1.56 2.61) (layers F.Cu F.Paste F.Mask))
  (pad "" smd rect (at 0 12.63) (size 1.56 2.61) (layers F.Cu F.Paste F.Mask))
  (pad "" smd rect (at 0.935 -2.39) (size 0.9 1.35) (layers F.Cu F.Paste F.Mask))
  (pad 8 smd rect (at 2.205 -2.39) (size 0.9 1.35) (layers F.Cu F.Paste F.Mask))
  (pad 7 smd rect (at 3.475 -2.39) (size 0.9 1.35) (layers F.Cu F.Paste F.Mask))
  (pad 6 smd rect (at 4.745 -2.39) (size 0.9 1.35) (layers F.Cu F.Paste F.Mask))
  (pad 5 smd rect (at 6.015 -2.39) (size 0.9 1.35) (layers F.Cu F.Paste F.Mask))
  (pad 4 smd rect (at 7.285 -2.39) (size 0.9 1.35) (layers F.Cu F.Paste F.Mask))
  (pad 3 smd rect (at 8.555 -2.39) (size 0.9 1.35) (layers F.Cu F.Paste F.Mask))
  (pad 2 smd rect (at 9.825 -2.39) (size 0.9 1.35) (layers F.Cu F.Paste F.Mask))
  (pad 1 smd rect (at 11.095 -2.39) (size 0.9 1.35) (layers F.Cu F.Paste F.Mask))
)
